11
11
5
3
17
3
3
4
5
7
11
8
5
9
7
4
5
4
2
5
3
10
6
3
7
5
2
3
10
4
13
3
6
11
10
10
8
6
2
4
4
5
8
2
4
11
3
4
8
5
3
3
5
6
3
3
2
2
3
11
11
4
9
7
4
2
3
13
6
11
2
5
4
3
10
4
4
2
12
9
12
5
6
6
2
3
3
4
8
9
6
12
6
4
5
4
7
5
16
4
4
8
9
9
5
3
5
3
5
6
5
2
8
9
4
6
15
2
4
5
7
2
7
4
14
11
20
9
5
9
10
7
8
4
3
2
3
4
9
10
4
2
11
5
4
13
3
7
6
9
7
4
3
7
2
8
5
6
3
14
9
6
6
12
10
3
4
4
5
4
5
5
7
3
8
4
7
13
13
3
4
3
9
5
5
2
6
11
6
4
3
7
12
7
3
9
6
5
7
3
5
10
13
4
9
2
22
8
3
2
3
5
4
6
2
7
10
6
5
3
9
3
4
3
5
2
6
11
3
15
3
2
32
2
11
13
2
9
8
5
10
7
11
5
7
6
2
3
13
7
8
5
10
3
8
4
5
10
6
13
5
3
5
4
20
13
5
6
5
13
4
6
4
3
5
5
5
2
6
9
4
2
3
2
7
6
14
10
9
2
7
3
4
5
4
11
6
6
6
6
5
8
4
3
2
9
3
2
4
6
10
4
2
11
12
4
6
2
7
8
4
4
4
3
11
11
5
11
2
6
7
3
8
11
4
2
10
12
7
3
8
8
3
6
3
10
7
2
5
9
3
3
13
10
12
5
6
8
3
18
7
7
2
5
5
10
7
4
10
12
7
5
5
10
3
3
2
5
10
2
3
7
6
2
2
5
5
4
8
6
13
4
8
7
3
7
2
4
3
3
3
32
5
2
3
5
3
9
4
4
5
8
7
7
3
3
7
3
10
5
6
2
6
2
2
3
8
3
11
10
5
3
6
8
10
3
20
6
4
4
13
5
8
9
11
8
6
3
6
5
7
15
4
2
8
8
4
2
11
7
7
3
7
9
12
11
5
16
3
6
3
6
5
9
10
8
3
18
5
8
13
5
2
14
16
6
5
7
5
3
2
10
5
6
4
7
2
9
4
3
13
4
7
5
4
16
6
6
11
6
13
12
3
15
12
15
10
6
4
9
4
10
6
14
5
3
6
4
4
14
2
9
2
9
3
9
4
10
10
8
10
8
11
9
4
5
2
3
4
6
5
6
2
6
5
11
3
6
9
5
2
4
4
17
7
4
13
6
9
9
10
4
5
14
11
4
4
12
12
7
5
3
7
25
17
3
5
3
7
5
6
9
6
5
6
7
4
17
7
8
8
4
13
5
9
6
8
3
3
2
3
9
8
5
9
6
8
7
5
4
20
5
2
2
6
2
6
7
6
8
6
15
7
6
21
9
4
5
6
2
7
10
8
6
4
15
6
3
2
6
7
8
3
21
23
3
4
4
8
18
18
3
5
6
6
7
4
17
6
7
8
3
4
5
6
2
2
10
9
10
4
3
3
7
2
3
8
16
2
8
8
5
6
3
15
6
13
4
7
3
6
2
14
11
15
8
3
14
4
5
12
7
4
22
5
15
3
11
4
19
8
2
7
16
5
3
9
3
5
8
8
8
5
4
5
7
5
20
3
9
6
7
5
3
3
4
3
6
2
15
7
2
7
2
9
15
4
5
4
9
5
4
2
2
6
2
9
6
10
5
11
14
11
3
4
8
13
2
13
4
14
5
7
7
3
14
4
4
5
5
5
3
7
4
4
7
3
6
2
11
2
4
9
3
14
4
4
8
4
14
3
5
4
11
2
4
15
2
3
2
3
4
7
9
11
11
3
3
5
2
3
6
5
7
10
9
3
9
7
4
4
8
4
4
3
5
12
8
6
13
6
6
6
26
8
3
5
7
9
2
5
6
5
3
4
2
4
10
8
9
3
5
3
2
11
5
6
4
9
8
9
4
3
5
3
5
5
5
6
8
4
2
13
4
7
6
3
6
6
3
3
10
4
2
12
2
5
5
5
10
12
8
3
3
5
8
8
3
5
15
2
9
2
5
8
8
2
7
6
14
5
6
6
10
8
6
5
5
4
8
8
17
9
7
6
3
3
5
4
6
5
11
5
7
3
4
12
6
6
2
3
3
4
8
3
6
6
6
2
2
10
2
6
4
10
6
6
4
5
2
4
9
17
2
4
8
6
2
3
7
6
6
11
10
4
9
5
4
5
7
25
