15
9
29
5
34
36
14
5
7
18
7
31
9
5
4
40
5
5
17
5
6
5
29
20
5
2
35
56
48
10
26
9
46
17
4
31
31
20
6
23
22
10
2
20
35
2
10
51
36
16
8
3
35
3
42
42
19
6
2
8
45
32
21
16
20
2
35
40
4
17
21
19
2
3
47
4
34
16
31
4
13
58
20
51
35
58
15
32
45
4
20
5
53
21
41
12
40
5
4
20
3
14
17
30
13
16
16
3
40
6
4
2
4
7
4
16
16
21
31
16
36
8
17
23
9
16
6
21
57
31
17
2
42
27
45
6
35
25
14
35
4
9
19
43
16
4
17
17
31
7
56
3
38
14
34
8
65
38
11
2
71
6
21
28
11
9
15
8
8
45
4
32
54
5
28
16
10
15
33
26
19
33
47
4
59
13
21
46
35
36
6
23
11
13
7
11
5
2
3
26
41
19
13
18
17
14
25
33
4
22
19
34
28
45
15
5
15
22
27
13
29
29
32
35
8
40
4
32
53
4
32
4
53
36
38
37
6
18
43
21
4
5
15
11
48
2
37
47
8
53
9
33
3
35
20
4
17
5
32
23
5
5
35
38
3
45
26
8
16
32
5
5
39
27
8
2
10
7
15
39
3
19
14
3
24
8
51
18
32
25
31
39
17
5
37
27
17
75
9
24
37
4
38
6
6
26
9
3
13
18
27
67
34
25
55
13
5
22
18
49
29
4
7
17
57
35
50
6
4
10
4
43
43
4
36
3
33
21
14
17
6
35
35
14
41
23
7
6
25
61
40
36
4
8
5
40
12
28
16
19
19
15
16
7
10
8
13
37
31
22
17
18
7
12
22
16
29
13
47
7
19
38
18
67
7
14
17
27
18
8
14
3
4
19
23
9
36
6
33
37
34
16
7
4
3
48
38
28
26
15
24
3
15
19
15
21
27
7
17
42
46
50
9
4
2
14
8
17
2
35
3
43
4
17
19
27
15
39
24
30
38
19
6
4
18
10
20
10
47
18
23
45
24
41
15
6
15
12
3
15
17
19
21
6
44
15
18
36
4
32
14
12
16
33
4
4
20
16
29
12
45
2
2
14
36
3
23
9
103
30
38
33
19
24
16
11
21
51
10
62
3
22
14
21
26
27
6
39
18
31
28
3
30
3
4
60
4
24
2
4
31
16
7
28
31
2
15
64
38
27
19
14
11
2
22
43
24
31
25
30
27
9
10
19
16
14
3
29
15
57
7
7
28
34
5
14
17
3
6
21
17
39
48
4
30
22
15
5
3
25
40
2
5
41
9
57
5
18
4
10
37
13
36
4
15
7
20
46
14
23
53
39
41
25
20
37
15
17
6
32
3
15
15
27
21
6
37
12
24
51
31
5
16
30
10
6
42
19
5
36
50
34
24
10
19
52
17
3
44
44
33
8
20
4
34
25
19
9
19
21
4
28
7
3
19
36
63
6
27
42
4
21
30
16
14
12
8
17
48
16
17
32
25
44
5
5
30
2
10
20
23
38
5
2
13
8
91
79
43
28
22
21
34
15
8
3
10
19
22
28
47
13
15
8
6
20
3
3
3
25
20
7
6
6
35
4
2
20
22
10
17
51
16
51
7
4
19
4
28
94
39
16
37
48
4
9
7
15
7
8
24
29
13
31
22
34
32
15
44
47
7
5
11
38
3
37
29
19
4
24
45
26
26
20
28
42
3
4
13
18
58
15
40
37
50
38
8
68
24
28
12
16
18
2
75
37
31
8
6
3
54
59
29
36
25
30
44
2
4
5
40
9
9
31
20
51
21
3
53
10
57
29
32
42
29
9
3
39
23
30
19
6
14
18
42
14
32
15
5
68
10
17
24
6
31
16
4
35
7
30
3
58
28
48
18
16
14
5
29
16
28
48
23
4
5
11
5
14
27
41
20
39
16
21
20
29
55
9
15
3
29
34
4
4
11
25
51
41
50
22
6
29
55
35
4
72
6
30
3
34
20
55
8
5
21
41
11
22
3
34
22
9
2
6
7
7
41
5
17
5
53
18
48
36
7
35
4
64
41
5
9
15
8
2
62
62
20
18
9
15
46
24
49
4
3
4
10
8
11
27
18
17
52
35
6
29
3
34
3
22
29
4
6
39
11
14
12
21
19
31
25
34
25
23
41
21
13
33
57
33
49
33
10
24
40
37
7
90
8
31
15
2
37
27
27
18
2
5
19
5
17
56
19
49
34
20
5
19
13
39
19
3
2
38
17
66
35
16
20
24
