133
157
234
203
256
193
134
126
179
148
117
280
253
180
173
266
45
168
258
173
213
84
186
219
157
184
251
355
338
116
188
253
260
187
156
211
225
149
191
123
293
163
178
225
237
161
178
257
233
232
172
132
197
178
213
290
312
58
70
146
139
199
204
153
256
197
225
257
200
162
221
295
151
174
328
190
238
139
192
213
178
246
214
322
211
308
205
231
196
180
189
150
353
167
259
161
225
141
62
285
122
173
146
156
237
229
110
130
249
97
176
161
167
177
163
203
213
172
210
176
265
166
194
192
182
162
132
215
263
151
201
156
220
268
269
155
379
221
170
176
101
193
209
212
198
179
253
162
199
129
219
165
228
147
214
103
283
254
136
134
276
89
175
222
148
126
160
120
182
265
140
306
265
133
281
246
185
211
194
205
228
264
246
184
268
131
215
294
218
218
216
181
200
163
106
194
129
210
52
261
253
189
170
77
172
203
216
238
95
185
167
228
324
283
159
204
198
152
186
234
118
195
192
268
223
265
79
282
258
222
213
192
371
310
280
314
92
206
286
222
203
197
200
242
248
150
248
262
190
359
180
273
142
188
152
194
234
106
254
129
194
193
245
240
141
349
245
119
167
213
237
215
234
275
132
153
158
94
115
203
51
129
134
156
257
152
284
147
201
197
211
283
192
85
311
222
196
371
184
227
166
132
240
182
172
114
189
114
168
206
187
326
193
218
311
121
117
158
186
315
225
140
132
242
236
249
326
316
241
143
107
271
340
136
202
97
340
204
225
121
154
238
201
169
234
150
133
210
205
294
249
238
242
215
210
341
192
287
184
201
159
298
154
190
144
170
141
350
233
195
206
168
174
261
201
213
186
161
230
202
190
208
253
313
111
221
154
261
201
173
181
113
193
160
245
159
187
160
261
192
257
131
162
177
174
224
261
170
233
145
233
161
149
144
216
185
168
145
209
229
315
290
91
199
171
247
86
222
161
187
121
238
72
149
164
243
224
196
199
227
190
143
163
176
252
165
134
82
273
170
230
277
235
267
110
159
156
213
210
189
230
132
287
241
215
166
230
236
152
229
252
214
191
165
189
155
220
176
198
93
345
132
87
135
281
124
229
75
382
170
316
159
246
154
312
185
266
259
128
286
188
95
251
251
207
201
181
234
174
167
268
135
207
90
119
269
195
205
150
189
209
235
232
249
224
126
224
336
248
232
243
197
181
104
254
259
238
269
232
244
186
189
187
212
209
69
156
239
211
303
156
138
231
273
116
128
144
96
212
194
189
229
297
168
217
299
150
153
169
243
290
168
182
318
151
234
149
150
231
236
157
198
275
128
170
154
193
276
163
214
307
221
242
316
217
257
185
202
136
252
138
248
209
180
260
113
284
174
158
317
192
91
219
202
176
134
281
203
86
323
302
301
115
230
174
239
263
178
297
324
217
124
98
123
189
224
178
136
250
232
162
156
96
89
139
298
316
177
178
214
165
264
245
155
162
273
208
162
219
125
212
248
191
286
174
241
258
136
191
150
167
308
231
199
191
165
323
396
237
243
276
206
212
120
84
137
122
237
156
262
254
137
283
179
232
206
155
167
152
217
214
187
280
152
257
219
132
190
158
123
203
225
157
258
150
94
273
132
228
334
231
205
222
248
201
152
193
245
204
206
212
238
176
226
201
189
228
164
203
164
170
140
203
208
117
249
222
171
140
218
258
224
185
186
174
325
156
116
172
155
271
145
242
246
260
286
128
256
262
155
175
139
182
157
396
179
230
158
157
100
304
381
165
269
209
207
213
36
165
75
244
198
115
240
213
216
160
130
241
283
393
210
243
251
234
170
161
319
261
253
184
196
246
149
253
172
257
124
167
321
103
155
149
159
256
183
144
292
103
209
159
209
190
292
138
151
261
200
234
130
264
195
177
106
129
115
205
194
180
272
147
235
196
206
222
221
255
163
268
101
274
236
108
269
148
222
290
170
322
173
217
210
196
264
220
307
198
179
91
202
165
378
234
132
246
309
179
234
133
204
145
99
220
64
156
183
266
175
219
132
301
267
302
258
167
267
137
301
222
113
248
114
162
190
259
357
201
169
147
157
304
160
267
182
129
259
189
163
275
269
199
115
247
198
118
253
136
275
60
279
297
189
130
296
187
203
140
148
244
167
192
191
224
257
243
167
165
252
328
206
313
160
163
241
298
178
68
356
122
199
184
152
220
158
265
221
99
198
131
207
235
201
305
324
286
208
243
126
109
285
187
95
278
232
114
271
267
175
223
202
